1	-0.000642381
2	-0.00038723
3	-0.000402964
4	0.000416089
5	0.000797068
6	0.000656365
7	0.000709214
8	0.00127394
9	0.00144466
10	0.00078996
11	6.14654e-05
12	-0.000188839
13	-0.000359814
14	-0.000909383
15	-0.00136878
16	-0.00117822
17	-0.000471248
18	-0.000238153
19	-2.38807e-06
20	0.000336672
21	0.000622305
22	0.000590159
23	0.000508554
24	0.000390895
25	0.000160712
26	-5.2388e-05
27	-0.000247667
28	-0.000301829
29	-0.000317556
30	-0.000296419
31	-0.000265585
32	-0.000134202
33	1.02367e-05
34	0.000143834
35	0.000170741
36	0.000174321
37	0.000175052
38	0.000149731
39	0.000119976
40	4.32633e-05
41	-4.34248e-05
42	-8.85779e-05
43	-8.73529e-05
44	-8.79717e-05
45	-9.3873e-05
46	-8.57554e-05
47	-5.85497e-05
48	-1.34986e-05
49	2.87795e-05
50	4.35649e-05
51	4.18316e-05
52	5.07702e-05
53	5.40894e-05
54	4.86267e-05
55	3.18565e-05
56	6.7407e-06
57	-1.5197e-05
58	-2.20931e-05
59	-2.30962e-05
60	-2.8319e-05
61	-2.85604e-05
62	-2.42556e-05
63	-1.3706e-05
64	-7.24381e-07
65	8.36131e-06
66	1.09619e-05
67	1.28439e-05
68	1.51752e-05
69	1.52785e-05
70	1.25263e-05
71	6.76869e-06
72	3.35817e-07
73	-4.87326e-06
74	-6.85534e-06
75	-7.28193e-06
76	-8.93418e-06
77	-8.45466e-06
78	-7.69537e-06
79	-4.37828e-06
80	-1.25132e-06
81	1.57757e-06
82	3.6258e-06
83	4.94313e-06
84	4.59076e-06
85	5.24969e-06
86	5.30708e-06
87	4.39272e-06
88	2.42596e-06
89	6.26438e-07
90	-1.2635e-06
91	-2.60997e-06
92	-3.01496e-06
93	-3.07064e-06
94	-4.55805e-06
95	-3.95903e-06
96	-3.33392e-06
97	-2.41007e-06
98	-1.69922e-06
99	-1.47158e-07
100	9.24791e-07
101	2.09452e-06
102	2.63492e-06
