1	0.00501377
2	0.0399681
3	0.0392115
4	0.0498554
5	0.0474871
6	0.0456513
7	0.0418158
8	0.0393125
9	0.0406258
10	0.0392866
11	0.0355911
12	0.0318377
13	0.0268704
14	0.0251306
15	0.0239384
16	0.0228853
17	0.0217836
18	0.0197998
19	0.0162905
20	0.0141318
21	0.0133607
22	0.0131894
23	0.0133822
24	0.0124624
25	0.0104455
26	0.00854238
27	0.00783412
28	0.00770987
29	0.0077704
30	0.00751653
31	0.0066415
32	0.00563255
33	0.00491137
34	0.00435917
35	0.00427505
36	0.00432128
37	0.00413718
38	0.00365337
39	0.00325711
40	0.00297136
41	0.00252576
42	0.00227647
43	0.00227526
44	0.0022411
45	0.00207986
46	0.0018906
47	0.00172405
48	0.00149629
49	0.00126168
50	0.00120702
51	0.00119733
52	0.00115291
53	0.00106114
54	0.000972743
55	0.000879647
56	0.000752296
57	0.000646575
58	0.000621777
59	0.000614099
60	0.000591166
61	0.000541403
62	0.000497003
63	0.000439891
64	0.000378698
65	0.00033534
66	0.000324603
67	0.000316699
68	0.000297363
69	0.000278159
70	0.00025359
71	0.000229715
72	0.000199893
73	0.000180165
74	0.00017058
75	0.0001689
76	0.000163988
77	0.000151153
78	0.000143901
79	0.000129797
80	0.000116978
81	0.000104624
82	9.72864e-05
83	9.2424e-05
84	8.9082e-05
85	8.57003e-05
86	8.51818e-05
87	8.16336e-05
88	7.51871e-05
89	6.77288e-05
90	6.97156e-05
91	6.06825e-05
92	5.67493e-05
93	5.73266e-05
94	6.40649e-05
95	5.76189e-05
96	5.50744e-05
97	5.53564e-05
98	5.36681e-05
99	4.90401e-05
100	4.55541e-05
101	4.62053e-05
102	4.4587e-05
