1	-0.000642381
2	-0.00102961
3	-0.00143257
4	-0.00101649
5	-0.000219419
6	0.000436947
7	0.00114616
8	0.0024201
9	0.00386476
10	0.00465472
11	0.00471618
12	0.00452734
13	0.00416753
14	0.00325815
15	0.00188936
16	0.000711148
17	0.0002399
18	1.74764e-06
19	-6.40426e-07
20	0.000336032
21	0.000958337
22	0.0015485
23	0.00205705
24	0.00244794
25	0.00260866
26	0.00255627
27	0.0023086
28	0.00200677
29	0.00168922
30	0.0013928
31	0.00112721
32	0.000993011
33	0.00100325
34	0.00114708
35	0.00131782
36	0.00149214
37	0.0016672
38	0.00181693
39	0.0019369
40	0.00198017
41	0.00193674
42	0.00184816
43	0.00176081
44	0.00167284
45	0.00157897
46	0.00149321
47	0.00143466
48	0.00142116
49	0.00144994
50	0.00149351
51	0.00153534
52	0.00158611
53	0.0016402
54	0.00168882
55	0.00172068
56	0.00172742
57	0.00171222
58	0.00169013
59	0.00166704
60	0.00163872
61	0.00161016
62	0.0015859
63	0.00157219
64	0.00157147
65	0.00157983
66	0.00159079
67	0.00160364
68	0.00161881
69	0.00163409
70	0.00164662
71	0.00165339
72	0.00165372
73	0.00164885
74	0.00164199
75	0.00163471
76	0.00162578
77	0.00161732
78	0.00160963
79	0.00160525
80	0.001604
81	0.00160557
82	0.0016092
83	0.00161414
84	0.00161873
85	0.00162398
86	0.00162929
87	0.00163368
88	0.00163611
89	0.00163674
90	0.00163547
91	0.00163286
92	0.00162985
93	0.00162678
94	0.00162222
95	0.00161826
96	0.00161493
97	0.00161252
98	0.00161082
99	0.00161067
100	0.00161159
101	0.00161369
102	0.00161632
