1	0.898298
2	0.210668
3	0.133624
4	0.0835998
5	0.000463344
6	0.00015117
7	4.51236e-05
8	1.34032e-05
9	4.01577e-06
10	4.01608e-06
11	4.01727e-06
12	4.01788e-06
13	4.0177e-06
14	4.01748e-06
15	4.01714e-06
16	4.01684e-06
17	4.01687e-06
18	4.01715e-06
19	4.0174e-06
20	4.01755e-06
21	4.01761e-06
22	4.01764e-06
23	4.01769e-06
24	4.01776e-06
25	4.01781e-06
26	4.01785e-06
27	4.01784e-06
28	4.01778e-06
29	4.01771e-06
30	4.01765e-06
31	4.01763e-06
32	4.01762e-06
33	4.01762e-06
34	4.01765e-06
35	4.01768e-06
36	4.01772e-06
37	4.01774e-06
38	4.01776e-06
39	4.01777e-06
40	4.01778e-06
41	4.01778e-06
42	4.01778e-06
43	4.01776e-06
44	4.01775e-06
45	4.01773e-06
46	4.01772e-06
47	4.01772e-06
48	4.01772e-06
49	4.01772e-06
50	4.01773e-06
51	4.01774e-06
52	4.01774e-06
53	4.01775e-06
54	4.01776e-06
55	4.01776e-06
56	4.01776e-06
57	4.01776e-06
58	4.01776e-06
59	4.01775e-06
60	4.01775e-06
61	4.01775e-06
62	4.01774e-06
63	4.01774e-06
64	4.01774e-06
65	4.01774e-06
66	4.01775e-06
67	4.01775e-06
68	4.01775e-06
69	4.01775e-06
70	4.01775e-06
71	4.01775e-06
72	4.01776e-06
73	4.01775e-06
74	4.01775e-06
75	4.01775e-06
76	4.01775e-06
77	4.01775e-06
78	4.01775e-06
79	4.01775e-06
80	4.01775e-06
81	4.01775e-06
82	4.01775e-06
83	4.01775e-06
84	4.01775e-06
85	4.01775e-06
86	4.01775e-06
87	4.01775e-06
88	4.01775e-06
89	4.01775e-06
90	4.01775e-06
91	4.01775e-06
92	4.01775e-06
93	4.01775e-06
94	4.01775e-06
95	4.01775e-06
96	4.01775e-06
97	4.01775e-06
98	4.01775e-06
99	4.01775e-06
100	4.01775e-06
101	4.01775e-06
102	4.01775e-06
