1	0.198678
2	0.255924
3	0.315526
4	0.374175
5	0.424977
6	0.473629
7	0.527487
8	0.577777
9	0.629809
10	0.682644
11	0.736315
12	0.790533
13	0.845359
14	0.900185
15	0.953421
16	1.00738
17	1.0615
18	1.1171
19	1.17325
20	1.22831
21	1.28595
22	1.3425
23	1.40291
24	1.4602
25	1.51034
26	1.56562
27	1.61955
28	1.66962
29	1.71788
30	1.77026
31	1.8122
32	1.85398
33	1.90683
34	1.96129
35	2.01106
36	2.06369
37	2.11816
38	2.17203
39	2.22644
40	2.28131
41	2.33477
42	2.38826
43	2.44089
44	2.49304
45	2.53671
46	2.58889
47	2.64196
48	2.69647
49	2.75048
50	2.88342
51	2.93583
52	2.981
53	3.02601
54	3.07905
55	3.13157
56	3.18641
57	3.23969
58	3.29345
59	3.34827
60	3.40037
61	3.45447
62	3.50727
63	3.55806
64	3.60111
65	3.64758
66	3.70103
67	3.75516
68	3.80792
69	3.86095
70	3.91403
71	3.9671
72	4.01957
73	4.07268
74	4.12531
75	4.178
76	4.23198
77	4.28667
78	4.34164
79	4.39559
80	4.44925
81	4.50181
82	4.55583
83	4.59947
84	4.64124
85	4.69213
86	4.7473
87	4.8009
88	4.85405
89	4.90729
90	4.96072
91	5.01459
92	5.06711
93	5.12017
94	5.17348
95	5.22683
96	5.28115
97	5.32593
98	5.37933
99	5.43303
100	5.56606
101	5.62179
102	5.6741
