1	1
2	0.156677
3	0.0988783
4	0.0670997
5	2.94904e-10
6	1.07228e-09
7	3.49034e-09
8	1.16208e-08
9	1.14665e-08
10	1.17101e-08
11	1.25483e-08
12	1.29029e-08
13	1.25823e-08
14	1.23387e-08
15	1.20105e-08
16	1.1751e-08
17	1.18587e-08
18	1.22091e-08
19	1.24849e-08
20	1.26199e-08
21	1.26619e-08
22	1.26795e-08
23	1.27313e-08
24	1.27983e-08
25	1.28472e-08
26	1.28664e-08
27	1.28324e-08
28	1.27496e-08
29	1.26648e-08
30	1.26045e-08
31	1.25855e-08
32	1.25808e-08
33	1.25948e-08
34	1.26265e-08
35	1.26712e-08
36	1.27111e-08
37	1.27389e-08
38	1.27587e-08
39	1.27696e-08
40	1.27751e-08
41	1.27729e-08
42	1.27586e-08
43	1.27346e-08
44	1.27141e-08
45	1.27002e-08
46	1.26922e-08
47	1.2688e-08
48	1.26887e-08
49	1.26955e-08
50	1.2708e-08
51	1.27197e-08
52	1.27286e-08
53	1.27347e-08
54	1.27394e-08
55	1.27417e-08
56	1.2742e-08
57	1.2739e-08
58	1.27339e-08
59	1.27281e-08
60	1.27242e-08
61	1.27212e-08
62	1.27196e-08
63	1.27192e-08
64	1.27202e-08
65	1.27227e-08
66	1.27261e-08
67	1.2729e-08
68	1.27314e-08
69	1.27331e-08
70	1.27343e-08
71	1.27347e-08
72	1.27348e-08
73	1.27338e-08
74	1.27327e-08
75	1.27312e-08
76	1.27305e-08
77	1.27297e-08
78	1.27295e-08
79	1.27295e-08
80	1.27298e-08
81	1.27303e-08
82	1.27312e-08
83	1.27319e-08
84	1.27326e-08
85	1.27332e-08
86	1.27338e-08
87	1.27339e-08
88	1.2734e-08
89	1.2734e-08
90	1.27341e-08
91	1.27339e-08
92	1.27336e-08
93	1.27333e-08
94	1.27332e-08
95	1.27331e-08
96	1.27331e-08
97	1.27331e-08
98	1.27333e-08
99	1.27334e-08
100	1.27336e-08
101	1.27338e-08
102	1.27341e-08
