1	1
2	0.856151
3	0.515022
4	0.326565
5	0.204105
6	0.480666
7	0.746413
8	0.7109
9	0.671357
10	0.584318
11	0.449102
12	0.36546
13	0.591306
14	0.632508
15	0.566062
16	0.530967
17	0.498254
18	0.424399
19	0.356774
20	0.412491
21	0.453793
22	0.471981
23	0.573329
24	0.57285
25	0.477547
26	0.371089
27	0.311731
28	0.303638
29	0.350941
30	0.414617
31	0.401285
32	0.333128
33	0.264813
34	0.204739
35	0.179554
36	0.230184
37	0.309111
38	0.316518
39	0.282317
40	0.226281
41	0.171225
42	0.123238
43	0.119084
44	0.159733
45	0.17545
46	0.161479
47	0.134858
48	0.106046
49	0.0791739
50	0.063077
51	0.0767502
52	0.0969245
53	0.0992392
54	0.0893657
55	0.0740733
56	0.0580198
57	0.0430267
58	0.0370494
59	0.0439813
60	0.0512965
61	0.0502658
62	0.0449068
63	0.0375393
64	0.0294824
65	0.0222318
66	0.0211268
67	0.0249173
68	0.0273293
69	0.0266028
70	0.0237134
71	0.0198083
72	0.015687
73	0.0122988
74	0.0121254
75	0.0137865
76	0.0156781
77	0.0151719
78	0.0137981
79	0.0116852
80	0.00965996
81	0.00792882
82	0.00713774
83	0.00747869
84	0.00796919
85	0.00831814
86	0.00792475
87	0.00703384
88	0.00620607
89	0.00532801
90	0.00477215
91	0.00447452
92	0.0048259
93	0.0054227
94	0.00586526
95	0.00536213
96	0.00496877
97	0.00453958
98	0.00411103
99	0.00367076
100	0.00340289
101	0.00347912
102	0.00351443
