1	0.0192379
2	0.0133936
3	0.00930218
4	0.0102548
5	0.00978717
6	0.0120784
7	0.0130649
8	0.0125164
9	0.0146239
10	0.0146023
11	0.012404
12	0.012297
13	0.0123151
14	0.012651
15	0.0127085
16	0.0128521
17	0.0121872
18	0.0108489
19	0.0094624
20	0.00915285
21	0.00992243
22	0.0110237
23	0.0120227
24	0.0113718
25	0.009457
26	0.00773931
27	0.00733286
28	0.00765601
29	0.00813972
30	0.00803253
31	0.00705472
32	0.00600314
33	0.0053157
34	0.0048701
35	0.00508498
36	0.0056797
37	0.00587246
38	0.00526939
39	0.00472935
40	0.00433026
41	0.00367745
42	0.00332281
43	0.00334946
44	0.00328381
45	0.0030018
46	0.00270261
47	0.00245564
48	0.00213365
49	0.0018124
50	0.00176285
51	0.00179616
52	0.00177223
53	0.00165657
54	0.00152831
55	0.00138555
56	0.00118486
57	0.00101658
58	0.000973597
59	0.000952725
60	0.000908592
61	0.000827376
62	0.000757195
63	0.00066965
64	0.000577079
65	0.000512841
66	0.000499163
67	0.0004904
68	0.000462852
69	0.00043461
70	0.000396878
71	0.000359774
72	0.000312842
73	0.000281666
74	0.000265933
75	0.000262569
76	0.00025422
77	0.000233989
78	0.000222514
79	0.000200707
80	0.000180917
81	0.000161944
82	0.000150725
83	0.00014343
84	0.000138405
85	0.000133308
86	0.000132563
87	0.000127113
88	0.000117051
89	0.000105438
90	0.000108481
91	9.44062e-05
92	8.82054e-05
93	8.90362e-05
94	9.94182e-05
95	8.93969e-05
96	8.5407e-05
97	8.58601e-05
98	8.32243e-05
99	7.60625e-05
100	7.06673e-05
101	7.17233e-05
102	6.92128e-05
