1	1
2	0.514861
3	0.27115
4	0.160474
5	0.103533
6	0.104597
7	0.135573
8	0.159192
9	0.162716
10	0.14032
11	0.119413
12	0.110035
13	0.110636
14	0.110231
15	0.103965
16	0.0932756
17	0.0837364
18	0.077908
19	0.0725901
20	0.0702967
21	0.0667229
22	0.0632324
23	0.0616317
24	0.0600758
25	0.0569389
26	0.0515061
27	0.0463955
28	0.0430664
29	0.0415951
30	0.0411344
31	0.0398873
32	0.0368615
33	0.0323408
34	0.0283541
35	0.0259229
36	0.0250021
37	0.024446
38	0.0239111
39	0.0224883
40	0.0201874
41	0.0177122
42	0.0157368
43	0.01453
44	0.0140947
45	0.0139205
46	0.0134346
47	0.0122862
48	0.0107997
49	0.00950348
50	0.00865696
51	0.00820219
52	0.00805764
53	0.00786265
54	0.00744424
55	0.00678182
56	0.00604518
57	0.00543995
58	0.00499994
59	0.00478177
60	0.00466686
61	0.00456564
62	0.00437345
63	0.00406067
64	0.00372781
65	0.00345031
66	0.00327104
67	0.00314757
68	0.00307358
69	0.00297571
70	0.00279822
71	0.00262047
72	0.00243825
73	0.00229374
74	0.00219073
75	0.00212413
76	0.00210984
77	0.00206847
78	0.00199212
79	0.00188787
80	0.00179243
81	0.0017073
82	0.00165964
83	0.00159379
84	0.00156771
85	0.00152007
86	0.00148969
87	0.00142293
88	0.00138373
89	0.00131244
90	0.00129648
91	0.00126003
92	0.00120707
93	0.00117439
94	0.00117164
95	0.00115081
96	0.00112262
97	0.00109749
98	0.00107257
99	0.00103536
100	0.00103872
101	0.00100585
102	0.00099239
