1	0.0286835
2	0.0198355
3	0.00815476
4	0.0040856
5	0.00233862
6	0.00193981
7	0.00298104
8	0.00454411
9	0.00485392
10	0.00370985
11	0.00277423
12	0.00233083
13	0.00221391
14	0.0026445
15	0.00268278
16	0.00235949
17	0.0019142
18	0.001702
19	0.00155976
20	0.00148625
21	0.00141003
22	0.00137837
23	0.00137113
24	0.00132058
25	0.00122216
26	0.00107692
27	0.000955869
28	0.000882084
29	0.000863942
30	0.000878306
31	0.000869502
32	0.000789568
33	0.000679885
34	0.000583026
35	0.00052982
36	0.000515409
37	0.000511942
38	0.000509948
39	0.00048021
40	0.000420481
41	0.000360957
42	0.00031849
43	0.000296685
44	0.000294246
45	0.000298291
46	0.000288143
47	0.000256138
48	0.00022013
49	0.000188573
50	0.00017246
51	0.000164406
52	0.000163957
53	0.000161504
54	0.000153821
55	0.000137076
56	0.000120362
57	0.000107001
58	9.99589e-05
59	9.57853e-05
60	9.48842e-05
61	9.393e-05
62	8.84902e-05
63	7.94234e-05
64	7.17071e-05
65	6.6811e-05
66	6.36755e-05
67	6.1933e-05
68	6.09203e-05
69	5.9178e-05
70	5.52686e-05
71	5.1841e-05
72	4.79378e-05
73	4.45514e-05
74	4.31928e-05
75	4.34664e-05
76	4.23138e-05
77	4.13589e-05
78	3.9678e-05
79	3.74111e-05
80	3.53077e-05
81	3.41916e-05
82	3.28079e-05
83	3.21971e-05
84	3.12213e-05
85	3.10691e-05
86	2.9977e-05
87	2.83641e-05
88	2.78775e-05
89	2.68487e-05
90	2.63277e-05
91	2.56207e-05
92	2.43457e-05
93	2.4489e-05
94	2.40896e-05
95	2.35919e-05
96	2.2868e-05
97	2.25628e-05
98	2.18615e-05
99	2.13608e-05
100	2.20214e-05
101	2.11394e-05
102	1.99353e-05
