1	1
2	0.33265
3	0.220917
4	0.139626
5	0.0975322
6	0.0972724
7	0.12317
8	0.139236
9	0.144663
10	0.132917
11	0.120085
12	0.114808
13	0.112631
14	0.105796
15	0.0941189
16	0.0810044
17	0.0692487
18	0.0639907
19	0.0617654
20	0.0621024
21	0.0578667
22	0.0542282
23	0.0499068
24	0.0445016
25	0.0423548
26	0.039889
27	0.0374576
28	0.0344162
29	0.0319289
30	0.0289636
31	0.0268994
32	0.0250554
33	0.023059
34	0.021069
35	0.0192619
36	0.0178479
37	0.0160569
38	0.0152088
39	0.0145573
40	0.0133963
41	0.0120325
42	0.0108937
43	0.0101716
44	0.00977508
45	0.00922181
46	0.00872425
47	0.00805557
48	0.00725323
49	0.00655452
50	0.00606796
51	0.00581871
52	0.00558654
53	0.00529387
54	0.00500235
55	0.00458289
56	0.00417728
57	0.00383457
58	0.00364451
59	0.00353324
60	0.00342135
61	0.00326397
62	0.00309731
63	0.00288435
64	0.0026748
65	0.0025254
66	0.00242031
67	0.00235681
68	0.00226714
69	0.00217858
70	0.00207561
71	0.00196517
72	0.00185292
73	0.00176495
74	0.00171026
75	0.00167222
76	0.00164269
77	0.00159985
78	0.00153822
79	0.001485
80	0.00142487
81	0.0013766
82	0.00133447
83	0.00131344
84	0.00127934
85	0.00125497
86	0.00122422
87	0.00118421
88	0.00113784
89	0.00111565
90	0.001094
91	0.00105812
92	0.00103463
93	0.0010288
94	0.00101022
95	0.000984553
96	0.00096203
97	0.000932977
98	0.000906041
99	0.000892111
100	0.000863197
101	0.000850059
102	0.000825404
