1	0.0991041
2	0.0127747
3	0.00690431
4	0.00377468
5	0.00232149
6	0.00204933
7	0.00286708
8	0.00380021
9	0.00406293
10	0.00343979
11	0.00301501
12	0.00263484
13	0.00234273
14	0.00239944
15	0.00231517
16	0.00196098
17	0.00159651
18	0.00143805
19	0.0013572
20	0.00129637
21	0.00124186
22	0.00118064
23	0.00110416
24	0.000998603
25	0.000949261
26	0.000872035
27	0.000791989
28	0.000701308
29	0.000646209
30	0.000600777
31	0.000572293
32	0.000541645
33	0.000491921
34	0.00044003
35	0.000393137
36	0.000355316
37	0.000327041
38	0.000324224
39	0.00031379
40	0.00028612
41	0.000252469
42	0.00022336
43	0.000199429
44	0.000189397
45	0.0001889
46	0.000185641
47	0.000170049
48	0.000151533
49	0.000135021
50	0.00012128
51	0.000112972
52	0.000109906
53	0.000108259
54	0.000103537
55	9.42103e-05
56	8.41084e-05
57	7.54599e-05
58	6.99274e-05
59	6.62597e-05
60	6.58745e-05
61	6.61936e-05
62	6.34096e-05
63	5.87229e-05
64	5.3864e-05
65	4.96336e-05
66	4.69262e-05
67	4.56049e-05
68	4.46666e-05
69	4.32194e-05
70	4.10954e-05
71	3.93256e-05
72	3.68273e-05
73	3.42465e-05
74	3.26398e-05
75	3.22988e-05
76	3.16061e-05
77	3.12106e-05
78	3.00688e-05
79	2.87987e-05
80	2.73017e-05
81	2.64092e-05
82	2.54038e-05
83	2.48978e-05
84	2.40006e-05
85	2.36608e-05
86	2.3445e-05
87	2.22154e-05
88	2.13656e-05
89	2.12634e-05
90	2.03776e-05
91	1.97408e-05
92	1.9275e-05
93	1.90529e-05
94	1.87382e-05
95	1.85388e-05
96	1.79087e-05
97	1.7058e-05
98	1.69466e-05
99	1.6567e-05
100	1.59253e-05
101	1.58088e-05
102	1.5134e-05
